1 0.14225 0.08759499136442142 0.0726 0.03983592400690846
1 0.12922187499999999 0.30261658031088084 0.080590625 0.035997409326424874
1 0.137384375 0.5025215889464594 0.092053125 0.0393566493955095
1 0.560659375 0.501800518134715 0.059746875 0.043674438687392056
1 0.56083125 0.29013816925734026 0.076075 0.036955958549222796
1 0.555446875 0.08759499136442142 0.07572812500000001 0.0417573402417962
0 0.55266875 0.11783246977547494 0.055578125 0.017759067357512953
0 0.55440625 0.3174956822107081 0.056275000000000006 0.02063903281519862
0 0.13808125000000002 0.11471070811744388 0.05384375 0.018238341968911918
0 0.135996875 0.32949481865284974 0.055928125 0.01968048359240069
0 0.131134375 0.5325172711571675 0.061484375 0.02447754749568221
0 0.553365625 0.532279792746114 0.055578125 0.017279792746113992
1 0.5691906250000001 0.7213557858376511 0.10118124999999999 0.04131692573402418
0 0.555978125 0.7539032815198619 0.0546875 0.021506908462867014
1 0.136065625 0.7345379965457686 0.09973437499999999 0.04115284974093265
0 0.121625 0.7601036269430053 0.059118750000000005 0.019330742659758204
2 0.41167812499999995 0.2758290155440415 0.107090625 0.030492227979274613
2 0.427603125 0.48339810017271156 0.11837500000000001 0.0298013816925734
2 0.412353125 0.7169386873920552 0.13456875000000001 0.03320379965457686
2 0.417640625 0.9072970639032816 0.14065625 0.03142918825561313
2 0.829990625 0.8889248704663213 0.125275 0.028333333333333335
2 0.8447312499999999 0.6928108808290155 0.1348875 0.0345293609671848
2 0.8474531249999999 0.4745639032815198 0.125596875 0.04072970639032815
2 0.8487343749999999 0.26251727115716755 0.126878125 0.033644214162348876
3 0.35840937500000003 0.17528497409326424 0.294609375 0.20657167530224527
3 0.3563875 0.3848186528497409 0.29512812499999996 0.1953238341968912
3 0.3566375 0.5948747841105354 0.300584375 0.2110837651122625
3 0.356634375 0.8083592400690847 0.301578125 0.18161485319516407
3 0.7829593749999999 0.15934369602763385 0.30901875 0.1775043177892919
3 0.7856875 0.3680267702936097 0.311496875 0.19052677029360968
3 0.78816875 0.5832253886010362 0.312490625 0.18915371329879102
3 0.7908968749999999 0.791912780656304 0.311003125 0.1802461139896373