1 0.12843125 0.11674849267872522 0.083453125 0.06621877691645132
1 0.10603125000000001 0.38385874246339363 0.041546875 0.0657192075796727
1 0.114884375 0.6395133505598622 0.056356250000000004 0.06322997416020672
1 0.548765625 0.5217700258397933 0.066471875 0.06770887166236003
1 0.5527375 0.11276916451335058 0.055634375 0.0602411714039621
0 0.137234375 0.15867786391042205 0.12933125 0.0232687338501292
0 0.135303125 0.4186391042204996 0.128740625 0.018565891472868218
0 0.137946875 0.6951076658053402 0.134709375 0.04793712316968131
0 0.567134375 0.1578940568475452 0.123375 0.0198062015503876
0 0.5672937499999999 0.5632601205857021 0.12401875000000001 0.020473729543496987
2 0.135553125 0.7375279931093884 0.037903125 0.03930232558139535
2 0.413278125 0.34156761412575365 0.044540625 0.019026701119724376
2 0.40859375 0.6025021533161068 0.04141875 0.01993109388458226
2 0.39988124999999997 0.9291214470284238 0.04371875 0.018574504737295435
2 0.7674625 0.49324720068906114 0.043821874999999996 0.019155900086132643
3 0.35034999999999994 0.21636950904392765 0.299109375 0.255374677002584
3 0.35154375000000004 0.4803617571059432 0.299109375 0.25783807062876835
3 0.35333125000000004 0.7657062876830318 0.3003 0.2980706287683032
3 0.78155625 0.2895391903531438 0.313234375 0.39798449612403103
3 0.7866500000000001 0.7040137812230836 0.317309375 0.41131782945736434