3 0.34514375 0.15838474721508142 0.30806249999999996 0.19423307626392458
3 0.34252812499999996 0.37575835475578406 0.30378125 0.19488860325621252
3 0.341103125 0.6622236503856042 0.305684375 0.3063453299057412
3 0.7815625 0.18804198800342758 0.3099625 0.25354755784061694
3 0.782275 0.7117609254498715 0.3104375 0.20596829477292203
1 0.11171875 0.07463153384747215 0.07416249999999999 0.03715081405312767
1 0.11100625000000001 0.29004712939160243 0.06322812500000001 0.03780205655526993
1 0.115759375 0.5201328191945158 0.068934375 0.04171379605826907
1 0.556221875 0.07398029134532991 0.0751125 0.03976006855184233
1 0.5586 0.35751071122536415 0.076065625 0.05279348757497858
1 0.55336875 0.6195329905741217 0.070359375 0.050188517566409595
2 0.3972 0.2577849185946872 0.10886875 0.03715081405312767
2 0.385315625 0.491452442159383 0.12598125 0.04171379605826907
2 0.42596249999999997 0.8245201371036847 0.1045875 0.04041131105398457
2 0.8564375 0.8316923736075408 0.129784375 0.03649957155098543
2 0.84859375 0.5827035132819195 0.113146875 0.035197086546700944
3 0.7813249999999999 0.4617952013710368 0.3094875 0.22095972579263068
2 0.8431281250000001 0.3291559554413025 0.10981875 0.03780205655526993
0 0.1181375 0.10167952013710368 0.053721875 0.020856898029134534
0 0.11789999999999999 0.32035561268209084 0.054196875000000005 0.02281491002570694
0 0.128596875 0.5970437017994858 0.120278125 0.11601970865467011
0 0.565728125 0.6941602399314482 0.12360625 0.10037703513281919
0 0.56715625 0.39205655526992284 0.119803125 0.017596401028277635
0 0.562165625 0.1081962296486718 0.11552187500000001 0.022159383033419022
2 0.15450625 0.6726520994001713 0.039934375 0.04041131105398457
2 0.5778531250000001 0.76455441302485 0.0451625 0.04432305055698372