1 0.13324999999999998 0.08949159844894443 0.08548125000000001 0.03781559672554933
1 0.13850625 0.3885394226626454 0.080453125 0.04348556656613529
1 0.13050625 0.7058638517880224 0.0763375 0.04033606204222318
1 0.564540625 0.6374838431710469 0.08228125 0.039707022834984916
1 0.5636281249999999 0.3346574752261956 0.07588125 0.03529513140887548
1 0.5943999999999999 0.07751831107281344 0.042675 0.028991813873330465
0 0.14011875 0.11927617406290392 0.1096875 0.029758724687634637
0 0.142240625 0.41734166307626025 0.121009375 0.02585523481258078
0 0.143125 0.7312623869021974 0.11711875 0.024390348987505386
0 0.5679 0.6634554071520896 0.10615000000000001 0.026342093925032315
0 0.568609375 0.3607539853511417 0.11039687499999999 0.022929771650150796
0 0.569315625 0.10439465747522621 0.10898125 0.0214648858250754
3 0.35486874999999996 0.2221456268849634 0.2996875 0.2914605773373546
3 0.35511249999999994 0.8111546747091771 0.304103125 0.24006462731581218
3 0.779875 0.18562688496337784 0.31096875 0.24277035760448085
3 0.7811 0.4625506247307195 0.31244062499999997 0.2813183972425679
3 0.782815625 0.7655062473071952 0.31293125 0.2813183972425679
2 0.361884375 0.3720163722533391 0.03564375 0.015433003015941405
3 0.35707500000000003 0.5298362774666092 0.305084375 0.30769065058164585
2 0.376759375 0.685351141749246 0.040062499999999994 0.01908660060318828
2 0.36335625 0.9438560965101249 0.038590624999999996 0.014618698836708315
2 0.791815625 0.9217190866006032 0.042418750000000005 0.019900904782421368
2 0.76780625 0.6124515295131409 0.0332875 0.016247307195174494
2 0.7681 0.3155665661352865 0.0332875 0.012184403274450669