1 0.13330078125 0.08933423913043478 0.08544921875 0.03770380434782609
1 0.138427734375 0.38858695652173914 0.08056640625 0.043478260869565216
1 0.130615234375 0.7058423913043478 0.076416015625 0.04042119565217391
1 0.564453125 0.6375679347826086 0.082275390625 0.03974184782608696
1 0.563720703125 0.3345788043478261 0.075927734375 0.035326086956521736
1 0.594482421875 0.07744565217391304 0.042724609375 0.028872282608695652
0 0.14013671875 0.11922554347826086 0.109619140625 0.029891304347826088
0 0.142333984375 0.41745923913043476 0.12109375 0.025815217391304348
0 0.14306640625 0.7313179347826086 0.1171875 0.024456521739130436
0 0.56787109375 0.6633831521739131 0.106201171875 0.026494565217391304
0 0.568603515625 0.3607336956521739 0.1103515625 0.02309782608695652
0 0.5693359375 0.10427989130434782 0.10888671875 0.021399456521739132
3 0.35498046875 0.22214673913043478 0.2998046875 0.2914402173913043
3 0.355224609375 0.811141304347826 0.30419921875 0.24014945652173914
3 0.77978515625 0.18546195652173914 0.31103515625 0.24286684782608695
3 0.781005859375 0.4626358695652174 0.3125 0.28125
3 0.78271484375 0.765625 0.31298828125 0.28125
2 0.36181640625 0.3719429347826087 0.03564453125 0.015285326086956522
3 0.357177734375 0.529891304347826 0.30517578125 0.3077445652173913
2 0.376708984375 0.6854619565217391 0.0400390625 0.019021739130434784
2 0.36328125 0.943953804347826 0.03857421875 0.014605978260869566
2 0.791748046875 0.921875 0.04248046875 0.020040760869565216
2 0.767822265625 0.6124320652173914 0.033203125 0.016304347826086956
2 0.76806640625 0.3155570652173913 0.033203125 0.012228260869565218