3 0.34759687499999997 0.34488212601800255 0.310575 0.538838405486498
3 0.34708125 0.7299699957136734 0.313659375 0.2073553364766395
3 0.7741218750000001 0.19501071581654522 0.30903125 0.23627089584226318
3 0.776434375 0.5049849978568367 0.309546875 0.366746678096871
1 0.1064375 0.6442777539648521 0.061703125 0.06135876553793399
1 0.532234375 0.10125589369909986 0.04308125 0.05909129875696529
1 0.54506875 0.3416716673810544 0.064415625 0.06145306472353194
1 0.547959375 0.7067081011573082 0.085475 0.02916845263609087
0 0.12112500000000001 0.6869824260608658 0.11110937500000001 0.026536648092584655
0 0.56095 0.13690527218174023 0.1165375 0.021654522074582086
0 0.56409375 0.38429061294470634 0.1233625 0.022023146163737677
0 0.566034375 0.7613373339048436 0.121621875 0.028079725675096444
2 0.440834375 0.6216930990141449 0.046321875 0.019734247749678524
2 0.43048749999999997 0.8473081868838406 0.040999999999999995 0.018924132018859837
3 0.779896875 0.8032576082297471 0.30903125 0.2073553364766395
2 0.8276625 0.9031375910844406 0.048884375 0.018114016288041147
2 0.76823125 0.6888769824260609 0.0451375 0.01946420917273896
2 0.7130625 0.3216459494213459 0.040134375 0.01549078439777111