1 0.13691875 0.07708459869848157 0.071753125 0.039644251626898046
1 0.1299625 0.3467852494577007 0.070534375 0.043709327548806944
1 0.123371875 0.6237744034707158 0.065653125 0.039301518438177876
1 0.552296875 0.6435010845986985 0.06613125 0.03825596529284165
1 0.552059375 0.35609544468546633 0.06325625 0.03359652928416486
1 0.5517 0.08166594360086768 0.0682875 0.02694577006507592
0 0.1466 0.11733622559652927 0.1167875 0.0460824295010846
0 0.139225 0.3878481561822126 0.11002812499999999 0.04437310195227766
0 0.1387625 0.6502516268980477 0.10849062500000001 0.01792190889370933
0 0.5647375 0.6718004338394794 0.111565625 0.01749240780911063
0 0.5671937499999999 0.38443383947939264 0.115253125 0.020481561822125814
0 0.55874375 0.11904121475054229 0.10019375 0.04522776572668113
2 0.14501875 0.17028633405639912 0.109 0.05725813449023861
2 0.146225 0.4416963123644252 0.11033749999999999 0.062464208242950105
2 0.567075 0.17396095444685467 0.09820625 0.06520607375271151
2 0.39775625 0.32967895878524944 0.1235 0.03100650759219089
2 0.38511249999999997 0.5939219088937093 0.1271125 0.03784815618221258
2 0.395621875 0.8588503253796096 0.12842499999999998 0.03784815618221258
2 0.8465874999999999 0.8782299349240781 0.12908125 0.03830368763557484
2 0.834271875 0.615353579175705 0.11824375 0.02781344902386117
2 0.84478125 0.3326420824295011 0.114959375 0.030550976138828633
3 0.351915625 0.192295010845987 0.2980375 0.24984815618221257
3 0.351725 0.457527114967462 0.29689374999999996 0.23605639913232104
3 0.35057812499999996 0.7341648590021692 0.3007125 0.23658568329718005
3 0.78063125 0.7458351409978309 0.3087375 0.23234273318872015
3 0.776428125 0.47264642082429503 0.307209375 0.26311062906724514
3 0.77528125 0.20210845986984816 0.304915625 0.2609891540130152