1 0.136962890625 0.07710597826086957 0.07177734375 0.03974184782608696
1 0.1298828125 0.3468070652173913 0.070556640625 0.043817934782608696
1 0.123291015625 0.623641304347826 0.065673828125 0.03940217391304348
1 0.55224609375 0.6433423913043478 0.066162109375 0.03838315217391304
1 0.552001953125 0.35597826086956524 0.063232421875 0.033627717391304345
1 0.5517578125 0.08152173913043478 0.068359375 0.026834239130434784
0 0.146484375 0.1171875 0.11669921875 0.04619565217391304
0 0.13916015625 0.38790760869565216 0.110107421875 0.044497282608695655
0 0.138671875 0.6501358695652174 0.1083984375 0.018002717391304348
0 0.564697265625 0.671875 0.111572265625 0.017323369565217392
0 0.567138671875 0.3845108695652174 0.115234375 0.020380434782608696
0 0.558837890625 0.11888586956521739 0.10009765625 0.04517663043478261
2 0.14501953125 0.17017663043478262 0.10888671875 0.057404891304347824
2 0.146240234375 0.44157608695652173 0.1103515625 0.0625
2 0.567138671875 0.17391304347826086 0.09814453125 0.06521739130434782
2 0.397705078125 0.3298233695652174 0.12353515625 0.03091032608695652
2 0.385009765625 0.5940896739130435 0.127197265625 0.03770380434782609
2 0.3955078125 0.8586956521739131 0.12841796875 0.03770380434782609
2 0.8466796875 0.8783967391304348 0.129150390625 0.03838315217391304
2 0.834228515625 0.6154891304347826 0.1181640625 0.027853260869565216
2 0.8447265625 0.33254076086956524 0.114990234375 0.030570652173913044
3 0.351806640625 0.1922554347826087 0.298095703125 0.25
3 0.351806640625 0.45754076086956524 0.296875 0.23607336956521738
3 0.3505859375 0.7340353260869565 0.30078125 0.23675271739130435
3 0.780517578125 0.7459239130434783 0.308837890625 0.23233695652173914
3 0.7763671875 0.47248641304347827 0.30712890625 0.2632472826086957
3 0.775390625 0.20210597826086957 0.304931640625 0.2608695652173913