1 0.131321875 0.08515164644714038 0.065390625 0.0550996533795494
1 0.119759375 0.44228769497400344 0.06755625 0.05810225303292894
1 0.551475 0.3749176776429809 0.07550625 0.05760398613518197
1 0.537203125 0.089657712305026 0.044074999999999996 0.052092720970537264
1 0.5594218750000001 0.648921143847487 0.08072499999999999 0.054510398613518196
1 0.124725 0.6842374350086655 0.0849 0.05865684575389948
0 0.15025625 0.13309792027729636 0.125678125 0.04308058925476604
0 0.150371875 0.48542027729636045 0.1235 0.02748266897746967
0 0.14705000000000001 0.7276083188908146 0.124903125 0.02763431542461005
0 0.56609375 0.1351733102253033 0.113621875 0.04980069324090121
0 0.568659375 0.42724870017331024 0.11985312499999999 0.040909878682842286
0 0.573240625 0.6875606585788562 0.12241875 0.0228682842287695
2 0.44512812500000004 0.41415511265164645 0.047365624999999995 0.021091854419410746
2 0.44080624999999996 0.6682105719237436 0.0414875 0.019172443674176778
2 0.414703125 0.939523396880416 0.04390625 0.019172443674176778
2 0.831653125 0.9275389948006934 0.046675 0.020134315424610052
2 0.7621625000000001 0.6123656845753899 0.043215625 0.019653379549393415
2 0.74746875 0.34465337954939346 0.043562500000000004 0.016299826689774696
3 0.3574625 0.23807625649913344 0.2920625 0.3502816291161179
3 0.3574625 0.5411568457538994 0.29445 0.240974870017331
3 0.355371875 0.7978682842287695 0.29743749999999997 0.26084922010398615
3 0.77853125 0.20412478336221837 0.306396875 0.28072357019064126
3 0.7824125 0.4827772963604853 0.3081875 0.26499133448873485
3 0.784578125 0.7723006932409012 0.310128125 0.2972833622183709