1 0.138671875 0.07574728260869565 0.075439453125 0.03158967391304348
1 0.145263671875 0.3461277173913043 0.078369140625 0.034986413043478264
1 0.146728515625 0.6514945652173914 0.067626953125 0.028192934782608696
1 0.555419921875 0.08050271739130435 0.0771484375 0.024456521739130436
1 0.5595703125 0.6355298913043478 0.080322265625 0.03192934782608696
0 0.158447265625 0.12669836956521738 0.1259765625 0.07370923913043478
0 0.14599609375 0.3702445652173913 0.110595703125 0.017663043478260868
0 0.146240234375 0.673233695652174 0.119140625 0.017663043478260868
0 0.570068359375 0.3491847826086957 0.098388671875 0.016304347826086956
0 0.5732421875 0.11447010869565218 0.110595703125 0.036005434782608696
0 0.575927734375 0.6841032608695652 0.069580078125 0.02717391304347826
2 0.40673828125 0.32438858695652173 0.038818359375 0.01970108695652174
2 0.403564453125 0.631453804347826 0.036376953125 0.014945652173913044
2 0.40869140625 0.9025135869565217 0.033935546875 0.014266304347826086
2 0.802490234375 0.8879076086956522 0.037353515625 0.016644021739130436
2 0.7822265625 0.6205842391304348 0.03955078125 0.016304347826086956
2 0.738037109375 0.3023097826086957 0.037109375 0.01596467391304348
2 0.586181640625 0.1453804347826087 0.036865234375 0.029891304347826088
1 0.5576171875 0.3264266304347826 0.075927734375 0.029211956521739132
3 0.3662109375 0.1878396739130435 0.290771484375 0.2469429347826087
3 0.365966796875 0.4765625 0.296142578125 0.280570652173913
3 0.365478515625 0.7646059782608695 0.296875 0.2469429347826087
3 0.79931640625 0.7503396739130435 0.32177734375 0.25
3 0.796142578125 0.4622961956521739 0.32080078125 0.3060461956521739
3 0.79443359375 0.18172554347826086 0.31689453125 0.22078804347826086