1 0.138746875 0.07583944756150195 0.075415625 0.03168321104876996
1 0.1453375 0.34617177384548986 0.07834374999999999 0.03505394907207596
1 0.146803125 0.6515537332757877 0.067603125 0.02831247302546396
1 0.555478125 0.080392749244713 0.07712187499999999 0.02460509279240397
1 0.55950625 0.6355459646094087 0.08029687499999999 0.03201985325852395
0 0.15855625 0.12667242123435477 0.12595625 0.07371169615882607
0 0.14599375 0.3701467414760466 0.110684375 0.0176909797151489
0 0.14632187500000002 0.6733836858006043 0.119225 0.0176909797151489
0 0.57013125 0.3493137678031938 0.09833125000000001 0.01623651273198101
0 0.573184375 0.1145058264997842 0.11054375 0.0358480794130341
0 0.576009375 0.6839706517047907 0.069471875 0.02720328010358222
2 0.40661875000000003 0.3244669831678895 0.038843749999999996 0.019602934829520934
2 0.40363124999999994 0.6315623651273198 0.036353125 0.014786361674579196
2 0.4086125 0.9025507121277514 0.033865625 0.014100129477772984
2 0.8025312499999999 0.8879369874838152 0.03735 0.01650841605524385
2 0.7822374999999999 0.6205567544238239 0.039590625 0.016163141993957707
2 0.737915625 0.30228312473025465 0.0371 0.015817867932671557
2 0.586271875 0.1455287009063444 0.03685625 0.029991368148467843
1 0.557553125 0.32632714717306865 0.075903125 0.029326715580492015
3 0.366265625 0.18790677600345274 0.29086875 0.24684505826499786
3 0.36588125 0.4765084160552438 0.29622499999999996 0.280673284419508
3 0.3655 0.7645835131635735 0.296990625 0.24684505826499786
3 0.7993125000000001 0.7503107466551575 0.32186875 0.2500172637030643
3 0.796059375 0.4622399654725939 0.320721875 0.30604661199827365
3 0.7945281249999999 0.18185153215364697 0.31689375 0.22090202848511004