1 0.131515625 0.08359748427672956 0.10951875 0.036197064989517816
1 0.12027499999999999 0.35550524109014675 0.08639374999999999 0.043090146750524104
1 0.11915312500000001 0.6552033542976939 0.086715625 0.03662893081761006
1 0.57119375 0.6562809224318659 0.087678125 0.037056603773584905
1 0.573440625 0.35571907756813415 0.096028125 0.034041928721174
1 0.5719968750000001 0.08608805031446541 0.07001249999999999 0.03428092243186583
0 0.132209375 0.16064150943396227 0.125965625 0.1180335429769392
0 0.122653125 0.3873417190775681 0.103615625 0.030964360587002093
0 0.125715625 0.6862767295597484 0.11595000000000001 0.030947589098532496
0 0.571921875 0.6850691823899372 0.106565625 0.020574423480083856
0 0.5690468750000001 0.3867672955974843 0.100815625 0.027773584905660374
0 0.57230625 0.10851991614255765 0.105796875 0.02468763102725367
2 0.16120625 0.23625576519916144 0.036225 0.03784067085953879
2 0.362259375 0.3388469601677149 0.038296875 0.0159706498951782
2 0.35902500000000004 0.6448846960167715 0.044246875 0.01840251572327044
2 0.368859375 0.9297442348008386 0.04890625 0.015274633123689728
2 0.8269875 0.9297442348008386 0.034675 0.01319077568134172
2 0.7993000000000001 0.6417610062893081 0.04605937499999999 0.017010482180293503
2 0.7556999999999999 0.3464863731656185 0.03596875 0.0159706498951782
3 0.350853125 0.20236058700209644 0.3208375 0.26343396226415094
3 0.35233125 0.49253668763102726 0.3208375 0.2957861635220126
3 0.350115625 0.7843605870020964 0.323296875 0.2733375262054507
3 0.79741875 0.20583647798742138 0.316409375 0.2604444444444444
3 0.798646875 0.4908846960167715 0.319853125 0.2898448637316562
3 0.8006156249999999 0.7833668763102725 0.321821875 0.2700377358490566