1 0.120059375 0.14977036395147314 0.05035 0.06146447140381283
1 0.117478125 0.4493717504332756 0.04934375 0.05628249566724437
1 0.12390625 0.7404159445407279 0.056740624999999996 0.04992201039861352
1 0.552421875 0.76592287694974 0.05288125 0.05136048526863085
1 0.548675 0.46686741767764295 0.059524999999999995 0.05508665511265165
1 0.552634375 0.17790727902946274 0.060940625 0.049207105719237434
0 0.146190625 0.1974436741767764 0.123303125 0.0330155979202773
0 0.13760624999999999 0.4950823223570191 0.109459375 0.0330155979202773
0 0.13733125 0.7863214904679375 0.109275 0.028921143847487
0 0.570328125 0.8177512998266897 0.119671875 0.056091854419410746
0 0.56609375 0.5101646447140381 0.110078125 0.026871750433275565
0 0.561484375 0.21653812824956672 0.104996875 0.021390814558058923
2 0.181175 0.23241334488734833 0.0364875 0.038067590987868286
2 0.613209375 0.8608058925476603 0.036565625000000004 0.034120450606585785
2 0.74005625 0.15381715771230503 0.030903125 0.0142157712305026
2 0.745040625 0.4395363951473137 0.03460625 0.015797227036395148
2 0.7966656249999999 0.7308795493934142 0.037596875 0.014415077989601387
2 0.447109375 0.7140337954939342 0.036671875 0.015532928942807627
2 0.43503749999999997 0.4262305025996534 0.035653125 0.017261698440207973
2 0.440134375 0.1265164644714038 0.031246874999999997 0.016130849220103986
3 0.35769375 0.09748700173310225 0.29994375 0.04800259965337955
3 0.35769375 0.27525996533795494 0.299328125 0.2939514731369151
3 0.357175 0.5697053726169844 0.3032375 0.27734402079722703
3 0.35674999999999996 0.8276169844020798 0.3049375 0.22199306759098789
3 0.772534375 0.10775996533795494 0.3032375 0.07419410745233969
3 0.77656875 0.2920667244367418 0.3045125 0.27675476603119586
3 0.7812406249999999 0.5867807625649913 0.307059375 0.29383448873483536
3 0.7846375000000001 0.8329202772963605 0.306209375 0.17606585788561527