1 0.1201171875 0.14979619565217392 0.05029296875 0.06148097826086957
1 0.117431640625 0.44938858695652173 0.04931640625 0.05638586956521739
1 0.1240234375 0.7404891304347826 0.056640625 0.049932065217391304
1 0.552490234375 0.7659646739130435 0.052978515625 0.051290760869565216
1 0.548583984375 0.46671195652173914 0.0595703125 0.05502717391304348
1 0.552734375 0.17798913043478262 0.06103515625 0.049252717391304345
0 0.146240234375 0.19735054347826086 0.123291015625 0.03294836956521739
0 0.1376953125 0.4952445652173913 0.109375 0.03294836956521739
0 0.137451171875 0.7863451086956522 0.109375 0.028872282608695652
0 0.5703125 0.8175951086956522 0.11962890625 0.05604619565217391
0 0.566162109375 0.5101902173913043 0.110107421875 0.026834239130434784
0 0.5615234375 0.21637228260869565 0.10498046875 0.021399456521739132
2 0.18115234375 0.23233695652173914 0.036376953125 0.03804347826086957
2 0.61328125 0.860733695652174 0.03662109375 0.033967391304347824
2 0.739990234375 0.15387228260869565 0.031005859375 0.014266304347826086
2 0.7451171875 0.43953804347826086 0.03466796875 0.01596467391304348
2 0.796630859375 0.7309782608695652 0.03759765625 0.014266304347826086
2 0.447021484375 0.7139945652173914 0.03662109375 0.015625
2 0.43505859375 0.42629076086956524 0.03564453125 0.017323369565217392
2 0.440185546875 0.12635869565217392 0.03125 0.01596467391304348
3 0.357666015625 0.09748641304347826 0.300048828125 0.04789402173913043
3 0.357666015625 0.2751358695652174 0.29931640625 0.2938179347826087
3 0.357177734375 0.5696331521739131 0.30322265625 0.27751358695652173
3 0.356689453125 0.8277853260869565 0.304931640625 0.22214673913043478
3 0.7724609375 0.10767663043478261 0.30322265625 0.07404891304347826
3 0.776611328125 0.2921195652173913 0.304443359375 0.27683423913043476
3 0.78125 0.5866168478260869 0.30712890625 0.2938179347826087
3 0.78466796875 0.8328804347826086 0.30615234375 0.17595108695652173