1 0.12060546875 0.08797554347826086 0.063720703125 0.033627717391304345
1 0.12109375 0.3960597826086957 0.078125 0.03838315217391304
1 0.1240234375 0.6993885869565217 0.07958984375 0.034646739130434784
1 0.5634765625 0.6447010869565217 0.0810546875 0.034986413043478264
1 0.5556640625 0.36922554347826086 0.07373046875 0.03158967391304348
1 0.5654296875 0.08152173913043478 0.086181640625 0.03226902173913043
0 0.137939453125 0.12839673913043478 0.117919921875 0.04891304347826087
0 0.133056640625 0.42764945652173914 0.12451171875 0.022758152173913044
0 0.56982421875 0.39436141304347827 0.110107421875 0.020040760869565216
0 0.56884765625 0.11141304347826086 0.10693359375 0.025135869565217392
2 0.393310546875 0.38383152173913043 0.043212890625 0.016983695652173912
2 0.368408203125 0.6851222826086957 0.0390625 0.015625
2 0.375732421875 0.9069293478260869 0.04833984375 0.017663043478260868
2 0.816650390625 0.8909646739130435 0.0439453125 0.01596467391304348
2 0.77880859375 0.626358695652174 0.0390625 0.014945652173913044
2 0.742431640625 0.34884510869565216 0.037109375 0.014266304347826086
0 0.57177734375 0.6827445652173914 0.11376953125 0.04755434782608696
0 0.132568359375 0.7258831521739131 0.12158203125 0.025815217391304348
3 0.346435546875 0.22486413043478262 0.30078125 0.305366847826087
3 0.34619140625 0.5356657608695652 0.303955078125 0.289741847826087
3 0.341796875 0.7938179347826086 0.30126953125 0.20754076086956522
3 0.7861328125 0.7557744565217391 0.31689453125 0.25
3 0.784423828125 0.48811141304347827 0.31640625 0.2642663043478261
3 0.7802734375 0.20686141304347827 0.31201171875 0.27615489130434784