1 0.120621875 0.0881190681622088 0.06383124999999999 0.033692838654012076
1 0.120975 0.3962079378774806 0.078146875 0.03822691975841242
1 0.124025 0.6992795513373599 0.079553125 0.034663503019844694
1 0.563596875 0.6446505608283002 0.08099375 0.035073339085418466
1 0.55578125 0.3691630716134599 0.0736125 0.031475409836065574
1 0.565334375 0.0815358067299396 0.08620625 0.03237273511647973
0 0.13788125 0.12855478861087144 0.11786250000000001 0.0490595340811044
0 0.133159375 0.4277351164797239 0.1246125 0.02266609145815358
0 0.569859375 0.3945081967213115 0.10999062500000001 0.020185504745470234
0 0.568959375 0.11132010353753237 0.106840625 0.02515099223468507
2 0.393425 0.38381363244176014 0.043246875 0.017057808455565142
2 0.36834375 0.6850690250215703 0.039028125 0.01563416738567731
2 0.375825 0.9068679896462467 0.04833125 0.017588438308886973
2 0.816665625 0.89095340811044 0.04388125 0.015910267471958586
2 0.77885 0.626307161345988 0.039028125 0.014797238999137185
2 0.74245 0.34881794650560827 0.03700625 0.014236410698878344
0 0.571834375 0.6828990509059534 0.113884375 0.04762726488352028
0 0.13259062500000002 0.7258886971527179 0.12169062500000001 0.025910267471958588
3 0.34636875000000006 0.22478429680759274 0.300778125 0.3053235547886109
3 0.34613750000000004 0.5355176876617773 0.30385625 0.28969801553062985
3 0.34174374999999996 0.7936496980155306 0.301209375 0.20739430543572046
3 0.78611875 0.7559188955996549 0.316828125 0.25000431406384815
3 0.784446875 0.48794650560828295 0.31645625 0.26437877480586713
3 0.78035625 0.20688524590163934 0.31199375 0.2761863675582399