1 0.1181640625 0.07846467391304347 0.055908203125 0.036684782608695655
1 0.11767578125 0.38009510869565216 0.06591796875 0.033967391304347824
1 0.110595703125 0.6389266304347826 0.0634765625 0.036005434782608696
1 0.55810546875 0.6382472826086957 0.07421875 0.034986413043478264
1 0.5537109375 0.35122282608695654 0.067138671875 0.042798913043478264
1 0.55078125 0.07676630434782608 0.05078125 0.03226902173913043
0 0.13232421875 0.10767663043478261 0.112548828125 0.01358695652173913
0 0.130859375 0.4038722826086957 0.114990234375 0.012907608695652174
0 0.1259765625 0.6779891304347826 0.109130859375 0.04585597826086957
0 0.5654296875 0.6752717391304348 0.109619140625 0.042119565217391304
0 0.571044921875 0.38179347826086957 0.1201171875 0.014605978260869566
0 0.570556640625 0.11514945652173914 0.11767578125 0.04042119565217391
0 0.572021484375 0.22758152173913043 0.116455078125 0.08423913043478261
2 0.567626953125 0.15794836956521738 0.1015625 0.04110054347826087
2 0.5859375 0.281929347826087 0.041259765625 0.028192934782608696
2 0.56591796875 0.7177309782608695 0.094970703125 0.042798913043478264
2 0.410888671875 0.35427989130434784 0.1044921875 0.030230978260869564
2 0.4296875 0.5995244565217391 0.1123046875 0.043478260869565216
2 0.413330078125 0.8590353260869565 0.1298828125 0.041440217391304345
2 0.822998046875 0.8145380434782609 0.13623046875 0.02751358695652174
2 0.8662109375 0.5988451086956522 0.125732421875 0.029551630434782608
2 0.847900390625 0.29483695652173914 0.125244140625 0.0390625
3 0.34619140625 0.20516304347826086 0.301513671875 0.2826086956521739
3 0.344970703125 0.47690217391304346 0.29833984375 0.22248641304347827
3 0.344970703125 0.7391304347826086 0.302001953125 0.2235054347826087
3 0.784423828125 0.7211277173913043 0.306396484375 0.18919836956521738
3 0.784912109375 0.461616847826087 0.307861328125 0.24864130434782608
3 0.783203125 0.17730978260869565 0.309814453125 0.21603260869565216