1 0.118215625 0.07849614395886889 0.055940624999999994 0.036653813196229644
1 0.11775000000000001 0.38019280205655526 0.065828125 0.034108826049700086
1 0.110628125 0.6389117395029992 0.063534375 0.03583976006855184
1 0.55806875 0.6384018851756641 0.07428125 0.03503856041131105
1 0.55376875 0.3512082262210797 0.067115625 0.042896315338474725
1 0.550903125 0.07679091688089117 0.050875000000000004 0.03242073693230506
0 0.13227187499999998 0.10772922022279349 0.11253125000000001 0.013534704370179949
0 0.130890625 0.4038431876606684 0.1149 0.01299057412167952
0 0.12585625 0.6778963153384747 0.10917500000000001 0.04574550128534704
0 0.565415625 0.6753041988003428 0.1097 0.042137960582690655
0 0.570928125 0.3817866323907455 0.12019375 0.014674378748928877
0 0.5705156250000001 0.11526992287917738 0.11772500000000001 0.04035132819194516
0 0.5719562499999999 0.22771636675235649 0.116490625 0.08408740359897172
2 0.5677375 0.15802056555269922 0.101465625 0.04119965724078834
2 0.58595 0.2818937446443873 0.0411625 0.02821765209940017
2 0.56583125 0.7178877463581833 0.09486875 0.04287917737789203
2 0.41098125 0.3544344473007712 0.104396875 0.030115681233933166
2 0.42975625 0.5994130248500429 0.11219375 0.043393316195372754
2 0.413340625 0.8591259640102828 0.12990625 0.041452442159383034
2 0.823040625 0.814515852613539 0.136184375 0.027566409597257927
2 0.8663031250000001 0.5987746358183376 0.125825 0.029657240788346185
2 0.848021875 0.2949057412167952 0.125215625 0.03922450728363325
3 0.34607187500000003 0.20524850042844903 0.30155625 0.2825235646958012
3 0.345009375 0.47696229648671806 0.298240625 0.22231790916880892
3 0.345009375 0.7392245072836332 0.302075 0.2233718937446444
3 0.7845125000000001 0.7210925449871465 0.306290625 0.18920736932305057
3 0.78489375 0.4617180805484148 0.307825 0.24859897172236506
3 0.78316875 0.177382176520994 0.309740625 0.21601113967437877