1 0.1043125 0.11412243150684931 0.079084375 0.05850599315068493
0 0.13059374999999998 0.15398544520547944 0.133059375 0.02764554794520548
1 0.11675 0.4500556506849315 0.074390625 0.06429366438356164
1 0.11346562499999999 0.7128553082191781 0.08612500000000001 0.06590325342465753
1 0.55605625 0.6556378424657534 0.09832812499999999 0.04339897260273973
1 0.5571125 0.3643835616438356 0.09949999999999999 0.06397260273972602
1 0.538221875 0.10592465753424657 0.04716875 0.06333047945205479
0 0.13444375 0.49130565068493154 0.13839062500000002 0.021635273972602738
0 0.129040625 0.7517636986301369 0.12509375 0.021065924657534246
0 0.559384375 0.7008090753424657 0.099740625 0.020496575342465753
0 0.5625 0.4076198630136986 0.1093 0.026185787671232877
0 0.5627093750000001 0.14574058219178082 0.11719687499999999 0.02391267123287671
2 0.419853125 0.4179623287671233 0.047356249999999996 0.02187071917808219
2 0.41051562500000005 0.6883904109589041 0.047087500000000004 0.017795376712328767
2 0.393740625 0.9154452054794521 0.041134375 0.01742294520547945
2 0.8319937500000001 0.8991352739726027 0.047356249999999996 0.019648972602739727
2 0.831453125 0.620736301369863 0.040862499999999996 0.018904109589041096
2 0.76569375 0.32936643835616436 0.040862499999999996 0.022611301369863016
3 0.3492375 0.2543792808219178 0.301759375 0.33098458904109584
3 0.34871250000000004 0.5542893835616438 0.3102 0.2529366438356164
3 0.35161250000000005 0.7989169520547945 0.311784375 0.22186215753424657
3 0.7755 0.2041566780821918 0.31125625 0.24932363013698627
3 0.7805124999999999 0.48202482876712327 0.314946875 0.2847345890410959
3 0.7868437500000001 0.7685616438356164 0.31389375 0.265222602739726