1 0.104248046875 0.11413043478260869 0.0791015625 0.058423913043478264
0 0.130615234375 0.15387228260869565 0.133056640625 0.02751358695652174
1 0.11669921875 0.4500679347826087 0.074462890625 0.06419836956521739
1 0.113525390625 0.7129755434782609 0.086181640625 0.06589673913043478
1 0.55615234375 0.6555706521739131 0.098388671875 0.043478260869565216
1 0.55712890625 0.36447010869565216 0.099609375 0.06385869565217392
1 0.538330078125 0.10597826086956522 0.047119140625 0.06317934782608696
0 0.134521484375 0.49116847826086957 0.138427734375 0.021739130434782608
0 0.129150390625 0.7516983695652174 0.125 0.021059782608695652
0 0.559326171875 0.7007472826086957 0.099853515625 0.020380434782608696
0 0.5625 0.4076086956521739 0.109375 0.026154891304347828
0 0.562744140625 0.14572010869565216 0.1171875 0.02377717391304348
2 0.419921875 0.41779891304347827 0.04736328125 0.021739130434782608
2 0.410400390625 0.6885190217391305 0.047119140625 0.017663043478260868
2 0.393798828125 0.915421195652174 0.041015625 0.017323369565217392
2 0.83203125 0.8991168478260869 0.04736328125 0.01970108695652174
2 0.83154296875 0.6205842391304348 0.040771484375 0.019021739130434784
2 0.765625 0.3294836956521739 0.040771484375 0.022758152173913044
3 0.34912109375 0.25441576086956524 0.3017578125 0.33084239130434784
3 0.3486328125 0.5543478260869565 0.310302734375 0.2530570652173913
3 0.3515625 0.7989130434782609 0.311767578125 0.2218070652173913
3 0.775390625 0.20414402173913043 0.311279296875 0.24932065217391305
3 0.780517578125 0.4819972826086957 0.31494140625 0.28464673913043476
3 0.786865234375 0.7686820652173914 0.31396484375 0.26528532608695654