3 0.807678125 0.7538983050847458 0.32777500000000004 0.2617858619264159
3 0.807678125 0.4687763538652336 0.32777500000000004 0.26381149235221163
3 0.8061437499999999 0.1931252583712278 0.32879687500000004 0.2469036792062836
3 0.34465 0.765059942124845 0.324196875 0.25163704009921456
3 0.34669375 0.4988755684167011 0.32215000000000005 0.2671971889210418
3 0.3441375 0.20631665977676725 0.31601250000000003 0.29763538652335675
1 0.125078125 0.06886316659776767 0.07548125 0.03825547747002894
1 0.112496875 0.3663083918974783 0.086759375 0.044758164530797846
1 0.1174125 0.6450062009094667 0.08039687499999999 0.032902025630425796
1 0.5818625000000001 0.631426209177346 0.083865625 0.03711037618850765
1 0.580128125 0.3458412567176519 0.071140625 0.03825547747002894
1 0.5746312499999999 0.07536585365853658 0.069984375 0.034431583298883836
0 0.12149375 0.09622157916494418 0.117390625 0.01794956593633733
0 0.11186875 0.3974121537825548 0.10634375 0.019202149648615132
0 0.103978125 0.6712567176519223 0.098771875 0.022542372881355934
0 0.5760625 0.6587308805291443 0.10760624999999999 0.019202149648615132
0 0.577009375 0.37278214138073584 0.1132875 0.020872261264985533
0 0.568646875 0.10018602728400165 0.09782500000000001 0.018367093840429928
2 0.408271875 0.36268292682926834 0.04271875 0.01816453079785035
2 0.409215625 0.6382265398925175 0.042575 0.016672178586192642
2 0.403334375 0.9087102108309218 0.041453125 0.014452252997106242
2 0.835259375 0.9019057461761059 0.048790625 0.01930963207937164
2 0.8187593750000001 0.6094708557255064 0.03859375 0.016399338569656884
2 0.8145625 0.3322447292269533 0.03859375 0.01798677139313766