1 0.10747812500000001 0.10049611734253666 0.042990625 0.06533218291630716
1 0.11614687500000001 0.3737963761863676 0.055275 0.06433563416738568
1 0.127165625 0.6426143226919758 0.080925 0.06533218291630716
1 0.55725625 0.6428645383951683 0.069003125 0.05785159620362381
1 0.54009375 0.357588438308887 0.046965625 0.05785159620362381
1 0.548403125 0.10149266609145816 0.050578125 0.05436151855047455
0 0.130809375 0.13866264020707508 0.11329062499999999 0.02741156169111303
0 0.13548125 0.41115185504745466 0.12205 0.02741156169111303
0 0.13183125 0.683839516824849 0.115334375 0.026199309749784294
0 0.55765 0.14009922346850734 0.10549687499999999 0.029128559102674718
0 0.55765 0.3969197584124245 0.1013375 0.02748490077653149
0 0.565971875 0.6843011216566005 0.10846875 0.030358067299396035
2 0.408796875 0.34174288179465057 0.041878124999999995 0.017830025884383087
2 0.43580312499999996 0.62053494391717 0.042659375 0.019991371872303713
2 0.427778125 0.8960914581535806 0.04775 0.019991371872303713
2 0.865734375 0.9168938740293356 0.0414875 0.02377480586712683
2 0.842253125 0.6162122519413288 0.039921875 0.01675150992234685
2 0.841665625 0.32526315789473687 0.04109375 0.016207937877480587
3 0.351475 0.21189387402933565 0.298021875 0.2621872303710095
3 0.35207187500000003 0.48355910267471963 0.299215625 0.2613632441760138
3 0.351175 0.751932700603969 0.295034375 0.25723899913718723
3 0.7829781250000001 0.20076358930112165 0.31056249999999996 0.24981880931837794
3 0.7862625 0.47449094046591883 0.31474375 0.27620362381363245
3 0.78865 0.7708930112165661 0.311159375 0.2918679896462467