3 0.356903125 0.18404596704249784 0.30716875 0.21876843018213357
3 0.356903125 0.44795750216825675 0.30591875 0.29169124024284476
3 0.35815624999999995 0.7609193408499567 0.304665625 0.3064527320034692
3 0.788640625 0.1685385949696444 0.315628125 0.20574588031222896
3 0.7892031249999999 0.38545099739809197 0.31405 0.2014050303555941
3 0.79076875 0.8216869037294016 0.310921875 0.19185602775368604
1 0.11611250000000001 0.09342150910667824 0.057440625 0.05913703382480486
1 0.12676875 0.3269731136166522 0.07380625 0.05656548135299219
1 0.11925625000000001 0.6238725065047702 0.0538125 0.06104943625325238
1 0.549565625 0.516405030355594 0.052721875 0.06003902862098872
1 0.563015625 0.30600607111882044 0.067990625 0.05196877710320902
1 0.55774375 0.08955767562879445 0.051628125000000004 0.05600607111882047
1 0.5548968750000001 0.7515351257588898 0.061812500000000006 0.05077623590633131
0 0.1409625 0.13274934952298353 0.127709375 0.024744145706851694
0 0.139515625 0.36246747614917607 0.127709375 0.026751951431049435
0 0.14313125 0.6614006938421509 0.131084375 0.022736339982653946
0 0.5734875 0.7834475281873374 0.12144375 0.019392888117953165
0 0.573728125 0.5540633130962707 0.121925 0.01805724197745013
0 0.5742125 0.33939288811795315 0.122890625 0.022068516912402428
0 0.5684281250000001 0.12940589765828275 0.114215625 0.023408499566348655
2 0.904921875 0.9279748482220295 0.04590625 0.022588898525585432
2 0.911434375 0.7181179531656549 0.0433 0.01852124891587164
3 0.79116875 0.6061274934952299 0.313553125 0.21755854293148308
2 0.8323875 0.4900650477016478 0.04416875 0.021730268863833477
2 0.851259375 0.2786036426712923 0.048987499999999996 0.020060711188204683
2 0.428440625 0.2894709453599306 0.043365625000000005 0.018386816999132697
2 0.446509375 0.601786643538595 0.03935 0.01783174327840416
2 0.459359375 0.9260797918473547 0.041759375 0.01783174327840416