1 0.112548828125 0.09408967391304347 0.076416015625 0.05434782608695652
1 0.109130859375 0.30876358695652173 0.073486328125 0.041440217391304345
1 0.0986328125 0.5278532608695652 0.0458984375 0.06216032608695652
1 0.108642578125 0.7275815217391305 0.068603515625 0.05298913043478261
1 0.56494140625 0.7296195652173914 0.056884765625 0.05570652173913043
1 0.57177734375 0.5125679347826086 0.06591796875 0.04042119565217391
1 0.565185546875 0.29110054347826086 0.05322265625 0.041779891304347824
1 0.556640625 0.09137228260869565 0.0537109375 0.0390625
2 0.391845703125 0.26188858695652173 0.119873046875 0.05502717391304348
2 0.4072265625 0.45108695652173914 0.1083984375 0.043478260869565216
2 0.26416015625 0.24626358695652173 0.102783203125 0.03804347826086957
2 0.262451171875 0.45754076086956524 0.10693359375 0.029211956521739132
2 0.2705078125 0.6711956521739131 0.1142578125 0.029211956521739132
2 0.419677734375 0.6793478260869565 0.119384765625 0.04110054347826087
2 0.264892578125 0.8780570652173914 0.110595703125 0.036005434782608696
2 0.422119140625 0.8688858695652174 0.119140625 0.0390625
2 0.7734375 0.8855298913043478 0.0830078125 0.03260869565217391
2 0.89599609375 0.884171195652174 0.110107421875 0.03125
2 0.681396484375 0.8851902173913043 0.08544921875 0.03294836956521739
2 0.679931640625 0.6671195652173914 0.083740234375 0.028872282608695652
2 0.765625 0.665421195652174 0.0703125 0.026494565217391304
2 0.8896484375 0.6827445652173914 0.13427734375 0.058423913043478264
2 0.858154296875 0.45584239130434784 0.120361328125 0.0546875
2 0.657470703125 0.438179347826087 0.039794921875 0.026494565217391304
2 0.709716796875 0.43410326086956524 0.033203125 0.018002717391304348
2 0.860107421875 0.23199728260869565 0.102783203125 0.034307065217391304
2 0.74462890625 0.22214673913043478 0.044921875 0.021739130434782608
2 0.686767578125 0.2265625 0.050537109375 0.03158967391304348
0 0.341064453125 0.15421195652173914 0.319580078125 0.1514945652173913
0 0.342041015625 0.36752717391304346 0.318603515625 0.14605978260869565
0 0.34130859375 0.5842391304347826 0.319580078125 0.1487771739130435
0 0.3408203125 0.7860054347826086 0.317626953125 0.15047554347826086
0 0.80078125 0.7890625 0.33056640625 0.16134510869565216
0 0.80029296875 0.5750679347826086 0.333251953125 0.16032608695652173
0 0.800048828125 0.3529211956521739 0.33203125 0.15047554347826086
0 0.79833984375 0.14605978260869565 0.3291015625 0.13213315217391305