1 0.11256562499999999 0.09424801005446166 0.0764 0.05447842480100544
1 0.1091125 0.3088940092165899 0.073553125 0.041403435274403017
1 0.098546875 0.5278969417679095 0.045921874999999994 0.06210724759111856
1 0.10870625 0.727561793045664 0.068678125 0.05284457478005865
1 0.5648624999999999 0.7294679514034352 0.05689375 0.055567658148303306
1 0.571771875 0.5126434855467114 0.065834375 0.04031420192710516
1 0.565065625 0.29118977796397155 0.053234375 0.04194805194805195
1 0.556734375 0.091524926686217 0.053640625000000004 0.039224968579807284
2 0.391896875 0.2618768328445748 0.119865625 0.055106828655215746
2 0.40726875 0.4510473397570172 0.108465625 0.043531629660661916
2 0.2642125 0.24629660661918726 0.10273125 0.037972350230414745
2 0.262515625 0.4576916631755341 0.106921875 0.02914956011730205
2 0.27059374999999997 0.671093422706326 0.11430312499999999 0.02914956011730205
2 0.41960625 0.6792501047339756 0.11948750000000001 0.04118139924591537
2 0.265009375 0.8779472140762463 0.11071249999999999 0.035835777126099706
2 0.42219999999999996 0.8688521156263092 0.11909062499999999 0.03904482614160033
2 0.773384375 0.8854335986594052 0.082984375 0.03262672811059908
2 0.8960625 0.8842312526183493 0.1101125 0.03129032258064516
2 0.6814218750000001 0.8850314201927106 0.085378125 0.032894847088395476
2 0.6800281250000001 0.666950146627566 0.08378125 0.028881441139505654
2 0.7655031250000001 0.6654796816087138 0.07041562500000001 0.02647674905739422
2 0.88958125 0.6825932132383745 0.13425 0.05856723921240051
2 0.858203125 0.4558818600754085 0.12045937500000001 0.05455802262253875
2 0.65735625 0.4381022203602849 0.039759375 0.026560536237955592
2 0.7095999999999999 0.434206116464181 0.0332875 0.01806032677000419
2 0.860171875 0.23204021784666945 0.102846875 0.034155844155844155
2 0.744703125 0.22201089233347301 0.044878125000000005 0.021621281943862588
2 0.686734375 0.2263971512358609 0.0504875 0.03165060745705907
0 0.34101875 0.15420611646418098 0.31968125000000003 0.1513489736070381
0 0.34198749999999994 0.36744868035190614 0.318515625 0.14614997905320487
0 0.34140625 0.5840720569752829 0.31968125000000003 0.14874738165060747
0 0.34082500000000004 0.7861290322580645 0.317740625 0.1503100125680771
0 0.800753125 0.7889903644742354 0.33054375 0.1612316715542522
0 0.8001718750000001 0.5752283200670297 0.333259375 0.16019271051529116
0 0.799978125 0.3528864683703394 0.332096875 0.1503100125680771
0 0.798425 0.14614997905320487 0.328990625 0.13210724759111855