1 0.132065625 0.09347938144329897 0.06800625 0.06197594501718213
1 0.13075 0.29928264604810995 0.06913125 0.05835910652920963
0 0.13008125 0.3409192439862543 0.066775 0.019072164948453606
2 0.429696875 0.2643298969072165 0.1153375 0.04827749140893471
2 0.22525625000000002 0.24615549828178693 0.038590624999999996 0.019072164948453606
2 0.29398125 0.2473453608247423 0.047696875 0.027418384879725085
2 0.42991250000000003 0.4723410652920962 0.120975 0.04469931271477663
2 0.40715 0.6374355670103093 0.12314375 0.05304553264604811
3 0.35295000000000004 0.15645189003436427 0.3182625 0.16867268041237113
3 0.35013125 0.3716151202749141 0.31782812499999996 0.16628865979381444
3 0.352515625 0.5590592783505155 0.311325 0.10966494845360825