3 0.348903125 0.16877260981912143 0.3 0.201619293712317
1 0.13910937499999998 0.09712747631352282 0.079315625 0.05720068906115418
1 0.13335625 0.2857235142118863 0.071096875 0.05606804478897502
1 0.12515625 0.4773944875107666 0.097728125 0.053570198105081825
1 0.1253375 0.720968992248062 0.10244999999999999 0.051068044788975024
1 0.56148125 0.6631438415159345 0.074478125 0.04856589147286822
1 0.550403125 0.4663781223083549 0.069028125 0.04756244616709733
1 0.545859375 0.27862618432385877 0.05994375 0.0495650301464255
1 0.559303125 0.09512919896640826 0.09845625 0.04305770887166236
0 0.13775625 0.14301033591731266 0.119746875 0.05184323858742463
0 0.131596875 0.3387467700258398 0.11112812500000001 0.05387596899224806
0 0.13645312499999998 0.5789621016365202 0.123709375 0.05816968130921619
0 0.123709375 0.7571317829457365 0.0769875 0.018660637381567615
0 0.560146875 0.5032299741602068 0.07539375 0.02012058570198105
0 0.559615625 0.31536606373815673 0.0748625 0.01829457364341085
0 0.56200625 0.1284151593453919 0.0769875 0.019022394487510766
2 0.15253125 0.18863479758828597 0.08754374999999999 0.04229543496985357
2 0.13692500000000002 0.39863479758828596 0.107859375 0.04922480620155038
2 0.16721875 0.6220844099913867 0.029765625 0.02992248062015504
0 0.566190625 0.7171576227390181 0.1184 0.0616365202411714
2 0.424475 0.2692204995693368 0.101309375 0.028682170542635655
2 0.421334375 0.45862187769164514 0.09188437499999999 0.025434969853574504
2 0.41760624999999996 0.6561412575366063 0.1024875 0.03950473729543497
2 0.41544375 0.8763867355727821 0.11623125 0.03841946597760551
2 0.571334375 0.7754651162790698 0.10209375 0.06710163652024118
2 0.845025 0.8360723514211886 0.12172812499999999 0.02705857019810508
2 0.8605375 0.5949913867355727 0.112696875 0.035176571920757974
2 0.8491500000000001 0.39828596037898367 0.111125 0.03896210163652024
2 0.8432593749999999 0.21591731266149872 0.10405625 0.03896210163652024
3 0.34659687499999997 0.3679371231696813 0.300759375 0.17731696813092163
3 0.34740000000000004 0.5522739018087856 0.3045125 0.18987941429801894
2 0.24826875 0.654547803617571 0.100021875 0.02666666666666667
3 0.34605937500000006 0.7870542635658915 0.30215 0.1538415159345392
3 0.7827625 0.7337252368647718 0.31108125000000003 0.19076227390180878
3 0.78186875 0.5169078380706288 0.31405625 0.13291989664082687
3 0.7791875 0.33024978466838933 0.307509375 0.1345607235142119
3 0.777996875 0.14378983634797587 0.310484375 0.13496985357450472