3 0.348876953125 0.1688179347826087 0.300048828125 0.20176630434782608
1 0.13916015625 0.09714673913043478 0.079345703125 0.057065217391304345
1 0.13330078125 0.28566576086956524 0.071044921875 0.05604619565217391
1 0.125244140625 0.477241847826087 0.09765625 0.05366847826086957
1 0.125244140625 0.7211277173913043 0.1025390625 0.050951086956521736
1 0.5615234375 0.6630434782608695 0.074462890625 0.04857336956521739
1 0.55029296875 0.4663722826086957 0.069091796875 0.04755434782608696
1 0.5458984375 0.27853260869565216 0.06005859375 0.049592391304347824
1 0.559326171875 0.09510869565217392 0.098388671875 0.043138586956521736
0 0.1376953125 0.14300271739130435 0.11962890625 0.051970108695652176
0 0.131591796875 0.33865489130434784 0.111083984375 0.05400815217391304
0 0.136474609375 0.5788043478260869 0.123779296875 0.058084239130434784
0 0.123779296875 0.7571331521739131 0.076904296875 0.018682065217391304
0 0.56005859375 0.5033967391304348 0.075439453125 0.020040760869565216
0 0.5595703125 0.31521739130434784 0.074951171875 0.018342391304347828
0 0.56201171875 0.12839673913043478 0.076904296875 0.019021739130434784
2 0.152587890625 0.18851902173913043 0.087646484375 0.042459239130434784
2 0.136962890625 0.39877717391304346 0.10791015625 0.049252717391304345
2 0.167236328125 0.6219429347826086 0.02978515625 0.029891304347826088
0 0.566162109375 0.7170516304347826 0.118408203125 0.06148097826086957
2 0.424560546875 0.26936141304347827 0.101318359375 0.028532608695652172
2 0.42138671875 0.4585597826086957 0.091796875 0.025475543478260868
2 0.417724609375 0.65625 0.1025390625 0.03940217391304348
2 0.41552734375 0.876358695652174 0.1162109375 0.03838315217391304
2 0.5712890625 0.7754755434782609 0.10205078125 0.06725543478260869
2 0.844970703125 0.8359375 0.121826171875 0.02717391304347826
2 0.860595703125 0.595108695652174 0.11279296875 0.035326086956521736
2 0.84912109375 0.3984375 0.111083984375 0.0390625
2 0.84326171875 0.21603260869565216 0.10400390625 0.0390625
3 0.3466796875 0.367866847826087 0.30078125 0.17730978260869565
3 0.347412109375 0.5523097826086957 0.304443359375 0.18987771739130435
2 0.248291015625 0.6545516304347826 0.10009765625 0.026834239130434784
3 0.345947265625 0.7870244565217391 0.30224609375 0.15387228260869565
3 0.78271484375 0.7336956521739131 0.31103515625 0.19089673913043478
3 0.781982421875 0.516983695652174 0.31396484375 0.1328125
3 0.779296875 0.33016304347826086 0.3076171875 0.13451086956521738
3 0.778076171875 0.1436820652173913 0.310546875 0.13485054347826086