1 0.12060546875 0.08152173913043478 0.070556640625 0.03260869565217391
1 0.12158203125 0.2554347826086957 0.07177734375 0.03226902173913043
1 0.12255859375 0.6188858695652174 0.093017578125 0.030230978260869564
1 0.556884765625 0.671875 0.0830078125 0.03294836956521739
1 0.5556640625 0.44191576086956524 0.0615234375 0.035326086956521736
1 0.55859375 0.08118206521739131 0.07080078125 0.026494565217391304
0 0.11181640625 0.10394021739130435 0.0419921875 0.010869565217391304
0 0.123779296875 0.28328804347826086 0.040771484375 0.014266304347826086
1 0.1103515625 0.44565217391304346 0.065185546875 0.034986413043478264
0 0.116455078125 0.4741847826086957 0.03662109375 0.016304347826086956
0 0.125 0.6508152173913043 0.11083984375 0.033627717391304345
0 0.126953125 0.7068614130434783 0.119384765625 0.01936141304347826
0 0.568115234375 0.10394021739130435 0.110595703125 0.015285326086956522
0 0.566162109375 0.477241847826087 0.10986328125 0.042798913043478264
0 0.56787109375 0.6946331521739131 0.111083984375 0.014266304347826086
2 0.169189453125 0.6830842391304348 0.057373046875 0.03260869565217391
2 0.169189453125 0.7313179347826086 0.0361328125 0.034307065217391304
2 0.356689453125 0.9106657608695652 0.03662109375 0.014266304347826086
2 0.3720703125 0.59375 0.034912109375 0.01596467391304348
2 0.37451171875 0.42561141304347827 0.035400390625 0.01358695652173913
2 0.37939453125 0.22927989130434784 0.035400390625 0.016644021739130436
2 0.777587890625 0.42595108695652173 0.03271484375 0.01358695652173913
2 0.76611328125 0.6565896739130435 0.038330078125 0.013926630434782608
2 0.80224609375 0.9137228260869565 0.039794921875 0.017323369565217392
2 0.580322265625 0.5118885869565217 0.03271484375 0.03260869565217391
3 0.352783203125 0.15013586956521738 0.307373046875 0.16338315217391305
3 0.351806640625 0.3328804347826087 0.308349609375 0.1796875
3 0.353759765625 0.5047554347826086 0.304931640625 0.1487771739130435
3 0.35498046875 0.7459239130434783 0.308349609375 0.2843070652173913
3 0.798095703125 0.7771739130434783 0.32470703125 0.23539402173913043
3 0.79638671875 0.540421195652174 0.320556640625 0.21739130434782608
3 0.795166015625 0.24558423913043478 0.316162109375 0.3485054347826087