1 0.12052500000000001 0.08160292221744735 0.070515625 0.03252256123764504
1 0.12160937499999999 0.2554018048990116 0.071815625 0.03222174473571122
1 0.12247812500000001 0.6189600343790288 0.09307812500000001 0.030133218736570693
1 0.55683125 0.6719853889127633 0.08293437499999999 0.03305973356252686
1 0.555709375 0.44184357541899444 0.061509375000000005 0.035371723248818224
1 0.55850625 0.08120326600773528 0.07068125 0.026450365277180917
0 0.111928125 0.1039449935539321 0.041984375 0.010726256983240224
0 0.123790625 0.28330468414267296 0.040821875 0.01437473141383756
1 0.1104375 0.44560807907176625 0.065090625 0.03490760636012033
0 0.116490625 0.4741899441340782 0.03650625 0.016428878384185646
0 0.12500937499999998 0.6508723678556081 0.110846875 0.033785990545767086
0 0.127071875 0.7068414267296949 0.119475 0.01934250107434465
0 0.568165625 0.10379028792436613 0.1106875 0.015315857327030512
0 0.5661968749999999 0.47724967769660503 0.109828125 0.042647185217017616
0 0.56788125 0.6946067898581865 0.110984375 0.01442200257842716
2 0.16908125 0.6832058444348947 0.057425 0.03275461968199398
2 0.16908125 0.7313192952299098 0.03615625 0.03422002578427159
2 0.3566625 0.9106016330038675 0.03658125 0.014331757627847014
2 0.37200312500000005 0.5936140954018049 0.03489375 0.015853029651912334
2 0.374496875 0.4254490760636012 0.03551875 0.013708637730984099
2 0.37948125 0.22943274602492478 0.03551875 0.016708207993124197
2 0.77760625 0.4260034379028792 0.0327875 0.013708637730984099
2 0.7662281249999999 0.6564331757627847 0.038228125 0.013975075204125486
2 0.8022750000000001 0.9136140954018049 0.039678125 0.017301246239793726
2 0.580209375 0.5119896862913623 0.0326125 0.03269875376020628
3 0.35288125000000004 0.1502277610657499 0.307403125 0.1635023635582295
3 0.3518625 0.33294370434035236 0.308421875 0.1795745595186936
3 0.35364062500000004 0.5048302535453374 0.3048625 0.14883111302105714
3 0.3549125 0.7458917060593039 0.308421875 0.2843833261710357
3 0.79798125 0.7773356252685861 0.32468125000000003 0.2354705629565965
3 0.79645625 0.540468414267297 0.320615625 0.2173055436183928
3 0.7951874999999999 0.24560378169316716 0.31604375 0.34866351525569406