1 0.12185 0.06922613929492692 0.0744625 0.03662940670679278
1 0.12410625 0.3467540842648323 0.07671875 0.03973344797936371
1 0.114965625 0.6207136715391229 0.0616 0.04190885640584695
1 0.550690625 0.6511349957007738 0.070628125 0.04439380911435942
1 0.554753125 0.42265692175408426 0.057540625 0.038804815133276015
1 0.552834375 0.0746603611349957 0.060021874999999995 0.04066638005159071
0 0.13625625 0.11178417884780739 0.1206875 0.050967325881341355
0 0.13364062499999999 0.4232158211521926 0.12364062499999999 0.11412725709372312
0 0.13375625 0.6483447979363715 0.12023125 0.014071367153912294
2 0.40799375 0.31023215821152195 0.1162375 0.04397678417884781
2 0.40232812500000004 0.5882846087704213 0.12350312499999999 0.04517626827171109
2 0.40726875 0.86134135855546 0.10141875 0.03238177128116939
2 0.8675687499999999 0.8545442820292347 0.110134375 0.0467755803955288
2 0.870184375 0.6256663800515907 0.120015625 0.03438091143594153
2 0.853475 0.37919604471195184 0.11100625000000001 0.04117798796216681
2 0.17119375 0.5044110060189166 0.05025 0.058164230438521064
2 0.1404375 0.16174118658641443 0.106909375 0.04981943250214961
0 0.558271875 0.10292347377472055 0.102684375 0.01848237317282889
0 0.562828125 0.4536457437661221 0.104071875 0.016784178847807394
0 0.5623625 0.6827515047291487 0.100365625 0.02209372312983663
3 0.34814375 0.17797076526225278 0.306515625 0.23472914875322443
3 0.34534374999999995 0.44916595012897675 0.30016875 0.23781169389509887
3 0.34515625 0.7264187446259673 0.305021875 0.23759243336199484
3 0.786075 0.7409071367153912 0.313234375 0.2039122957867584
3 0.785328125 0.5097764402407566 0.311740625 0.20699054170249354
3 0.784021875 0.21649613069647464 0.3128625 0.3066337059329321