1 0.142333984375 0.08763586956521739 0.072509765625 0.03974184782608696
1 0.129150390625 0.30264945652173914 0.08056640625 0.036005434782608696
1 0.137451171875 0.5023777173913043 0.092041015625 0.03940217391304348
1 0.560546875 0.5016983695652174 0.059814453125 0.043817934782608696
1 0.560791015625 0.29008152173913043 0.076171875 0.03702445652173913
1 0.555419921875 0.08763586956521739 0.07568359375 0.041779891304347824
0 0.552734375 0.11786684782608696 0.0556640625 0.017663043478260868
0 0.554443359375 0.31759510869565216 0.056396484375 0.020720108695652172
0 0.13818359375 0.11480978260869565 0.053955078125 0.018342391304347828
0 0.135986328125 0.3294836956521739 0.055908203125 0.01970108695652174
0 0.131103515625 0.532608695652174 0.0615234375 0.024456521739130436
0 0.553466796875 0.5322690217391305 0.0556640625 0.017323369565217392
1 0.569091796875 0.7214673913043478 0.10107421875 0.041440217391304345
0 0.555908203125 0.7537364130434783 0.0546875 0.021399456521739132
1 0.135986328125 0.734375 0.099853515625 0.04110054347826087
0 0.12158203125 0.7601902173913043 0.05908203125 0.01936141304347826
2 0.41162109375 0.2758152173913043 0.107177734375 0.030570652173913044
2 0.427490234375 0.48335597826086957 0.118408203125 0.029891304347826088
2 0.412353515625 0.7170516304347826 0.134521484375 0.03328804347826087
2 0.417724609375 0.9072690217391305 0.140625 0.03158967391304348
2 0.830078125 0.8889266304347826 0.125244140625 0.028192934782608696
2 0.8447265625 0.6929347826086957 0.134765625 0.034646739130434784
2 0.847412109375 0.47452445652173914 0.12548828125 0.04076086956521739
2 0.8486328125 0.2625679347826087 0.126953125 0.033627717391304345
3 0.3583984375 0.17527173913043478 0.294677734375 0.20652173913043478
3 0.3564453125 0.38485054347826086 0.295166015625 0.1953125
3 0.356689453125 0.5947690217391305 0.300537109375 0.2109375
3 0.356689453125 0.8084239130434783 0.301513671875 0.18172554347826086
3 0.782958984375 0.1593070652173913 0.30908203125 0.17764945652173914
3 0.78564453125 0.367866847826087 0.3115234375 0.1905570652173913
3 0.7880859375 0.5832201086956522 0.3125 0.18919836956521738
3 0.791015625 0.7917798913043478 0.31103515625 0.18036684782608695