1 0.12841796875 0.11684782608695653 0.08349609375 0.06623641304347826
1 0.10595703125 0.38383152173913043 0.04150390625 0.06555706521739131
1 0.114990234375 0.6396059782608695 0.056396484375 0.06317934782608696
1 0.548828125 0.5217391304347826 0.06640625 0.06759510869565218
1 0.552734375 0.11277173913043478 0.0556640625 0.060122282608695655
0 0.13720703125 0.15862771739130435 0.12939453125 0.0234375
0 0.13525390625 0.41847826086956524 0.128662109375 0.018682065217391304
0 0.137939453125 0.6949728260869565 0.134765625 0.04789402173913043
0 0.567138671875 0.15794836956521738 0.123291015625 0.01970108695652174
0 0.5673828125 0.5631793478260869 0.1240234375 0.020380434782608696
2 0.135498046875 0.7374320652173914 0.037841796875 0.03940217391304348
2 0.413330078125 0.34171195652173914 0.04443359375 0.019021739130434784
2 0.40869140625 0.6025815217391305 0.04150390625 0.020040760869565216
2 0.39990234375 0.9290081521739131 0.043701171875 0.018682065217391304
2 0.767578125 0.49320652173913043 0.043701171875 0.019021739130434784
3 0.350341796875 0.21637228260869565 0.299072265625 0.2554347826086957
3 0.3515625 0.48029891304347827 0.299072265625 0.2578125
3 0.353271484375 0.765625 0.30029296875 0.2982336956521739
3 0.781494140625 0.28940217391304346 0.313232421875 0.39809782608695654
3 0.78662109375 0.7041440217391305 0.3173828125 0.41134510869565216