3 0.34521484375 0.15828804347826086 0.30810546875 0.19429347826086957
3 0.342529296875 0.375679347826087 0.3037109375 0.1949728260869565
3 0.341064453125 0.6623641304347826 0.3056640625 0.3063858695652174
3 0.781494140625 0.18817934782608695 0.31005859375 0.25339673913043476
3 0.7822265625 0.7116168478260869 0.310546875 0.20584239130434784
1 0.11181640625 0.07472826086956522 0.07421875 0.03702445652173913
1 0.111083984375 0.29008152173913043 0.063232421875 0.03770380434782609
1 0.11572265625 0.5200407608695652 0.06884765625 0.041779891304347824
1 0.55615234375 0.07404891304347826 0.0751953125 0.03974184782608696
1 0.55859375 0.3576766304347826 0.076171875 0.05264945652173913
1 0.553466796875 0.6195652173913043 0.0703125 0.050271739130434784
2 0.397216796875 0.2578125 0.10888671875 0.03702445652173913
2 0.38525390625 0.491508152173913 0.1259765625 0.041779891304347824
2 0.426025390625 0.8243885869565217 0.1044921875 0.04042119565217391
2 0.8564453125 0.8318614130434783 0.1298828125 0.036345108695652176
2 0.8486328125 0.5825407608695652 0.113037109375 0.035326086956521736
3 0.78125 0.46195652173913043 0.3095703125 0.22112771739130435
2 0.843017578125 0.32914402173913043 0.10986328125 0.03770380434782609
0 0.1181640625 0.1015625 0.0537109375 0.020720108695652172
0 0.117919921875 0.3203125 0.05419921875 0.022758152173913044
0 0.128662109375 0.5971467391304348 0.120361328125 0.11616847826086957
0 0.565673828125 0.6942934782608695 0.12353515625 0.10054347826086957
0 0.567138671875 0.3919836956521739 0.119873046875 0.017663043478260868
0 0.562255859375 0.10835597826086957 0.115478515625 0.022078804347826088
2 0.154541015625 0.6725543478260869 0.0400390625 0.04042119565217391
2 0.577880859375 0.7646059782608695 0.045166015625 0.044157608695652176