3 0.34765625 0.34476902173913043 0.310546875 0.5387228260869565
3 0.34716796875 0.7299592391304348 0.313720703125 0.20720108695652173
3 0.774169921875 0.1949728260869565 0.30908203125 0.23641304347826086
3 0.7763671875 0.5050951086956522 0.3095703125 0.36684782608695654
1 0.1064453125 0.6443614130434783 0.061767578125 0.06148097826086957
1 0.5322265625 0.10122282608695653 0.04296875 0.059103260869565216
1 0.545166015625 0.34171195652173914 0.064453125 0.06148097826086957
1 0.5478515625 0.7068614130434783 0.08544921875 0.029211956521739132
0 0.12109375 0.6868206521739131 0.111083984375 0.026494565217391304
0 0.56103515625 0.13688858695652173 0.116455078125 0.021739130434782608
0 0.564208984375 0.3841711956521739 0.123291015625 0.022078804347826088
0 0.56591796875 0.7612092391304348 0.12158203125 0.028192934782608696
2 0.44091796875 0.6216032608695652 0.04638671875 0.01970108695652174
2 0.430419921875 0.8471467391304348 0.041015625 0.019021739130434784
3 0.77978515625 0.803328804347826 0.30908203125 0.20720108695652173
2 0.82763671875 0.9031929347826086 0.048828125 0.018002717391304348
2 0.768310546875 0.688858695652174 0.045166015625 0.01936141304347826
2 0.713134765625 0.3216711956521739 0.0400390625 0.015625