1 0.13134765625 0.08525815217391304 0.0654296875 0.05502717391304348
1 0.119873046875 0.4422554347826087 0.067626953125 0.058084239130434784
1 0.551513671875 0.375 0.075439453125 0.057744565217391304
1 0.537109375 0.08967391304347826 0.044189453125 0.051970108695652176
1 0.559326171875 0.6487771739130435 0.080810546875 0.05434782608695652
1 0.124755859375 0.6841032608695652 0.0849609375 0.058763586956521736
0 0.150146484375 0.1331521739130435 0.125732421875 0.043138586956521736
0 0.150390625 0.48539402173913043 0.12353515625 0.02751358695652174
0 0.14697265625 0.7275815217391305 0.125 0.02751358695652174
0 0.566162109375 0.13519021739130435 0.113525390625 0.049932065217391304
0 0.568603515625 0.4273097826086957 0.119873046875 0.04076086956521739
0 0.5732421875 0.6875 0.122314453125 0.022758152173913044
2 0.445068359375 0.4140625 0.04736328125 0.021059782608695652
2 0.44091796875 0.6681385869565217 0.04150390625 0.019021739130434784
2 0.414794921875 0.9395380434782609 0.0439453125 0.019021739130434784
2 0.83154296875 0.9276494565217391 0.046630859375 0.020040760869565216
2 0.76220703125 0.6124320652173914 0.043212890625 0.01970108695652174
2 0.74755859375 0.34476902173913043 0.04345703125 0.016304347826086956
3 0.357421875 0.23811141304347827 0.2919921875 0.3502038043478261
3 0.357421875 0.5411005434782609 0.29443359375 0.24082880434782608
3 0.35546875 0.7978940217391305 0.29736328125 0.2608695652173913
3 0.778564453125 0.20414402173913043 0.306396484375 0.280570652173913
3 0.782470703125 0.4826766304347826 0.30810546875 0.264945652173913
3 0.78466796875 0.7724184782608695 0.31005859375 0.29721467391304346