1 0.131591796875 0.08355978260869565 0.109619140625 0.036345108695652176
1 0.120361328125 0.35563858695652173 0.08642578125 0.043138586956521736
1 0.119140625 0.6552309782608695 0.086669921875 0.036684782608695655
1 0.5712890625 0.65625 0.087646484375 0.03702445652173913
1 0.573486328125 0.35563858695652173 0.095947265625 0.033967391304347824
1 0.572021484375 0.0859375 0.070068359375 0.034307065217391304
0 0.13232421875 0.16066576086956522 0.1259765625 0.11786684782608696
0 0.12255859375 0.38722826086956524 0.103515625 0.03091032608695652
0 0.125732421875 0.686141304347826 0.115966796875 0.03091032608695652
0 0.572021484375 0.6851222826086957 0.1064453125 0.020720108695652172
0 0.569091796875 0.38688858695652173 0.100830078125 0.027853260869565216
0 0.572265625 0.10835597826086957 0.105712890625 0.024796195652173912
2 0.1611328125 0.23641304347826086 0.0361328125 0.03770380434782609
2 0.3623046875 0.3389945652173913 0.038330078125 0.01596467391304348
2 0.359130859375 0.6450407608695652 0.044189453125 0.018342391304347828
2 0.368896484375 0.9296875 0.048828125 0.015285326086956522
2 0.826904296875 0.9296875 0.03466796875 0.013247282608695652
2 0.79931640625 0.6416440217391305 0.046142578125 0.016983695652173912
2 0.755615234375 0.34646739130434784 0.035888671875 0.01596467391304348
3 0.350830078125 0.20244565217391305 0.32080078125 0.26358695652173914
3 0.352294921875 0.49252717391304346 0.32080078125 0.29585597826086957
3 0.35009765625 0.7843070652173914 0.3232421875 0.2734375
3 0.79736328125 0.20584239130434784 0.31640625 0.26052989130434784
3 0.798583984375 0.4908288043478261 0.31982421875 0.289741847826087
3 0.800537109375 0.7832880434782609 0.32177734375 0.27004076086956524