3 0.8076171875 0.7537364130434783 0.327880859375 0.26188858695652173
3 0.8076171875 0.46875 0.327880859375 0.2639266304347826
3 0.80615234375 0.19327445652173914 0.328857421875 0.2469429347826087
3 0.3447265625 0.7649456521739131 0.32421875 0.2516983695652174
3 0.3466796875 0.49898097826086957 0.322265625 0.2673233695652174
3 0.34423828125 0.2061820652173913 0.31591796875 0.297554347826087
1 0.125 0.06895380434782608 0.075439453125 0.03838315217391304
1 0.112548828125 0.36616847826086957 0.086669921875 0.04483695652173913
1 0.117431640625 0.6450407608695652 0.080322265625 0.03294836956521739
1 0.581787109375 0.631453804347826 0.083984375 0.03702445652173913
1 0.580078125 0.34578804347826086 0.071044921875 0.03838315217391304
1 0.57470703125 0.07540760869565218 0.070068359375 0.034307065217391304
0 0.12158203125 0.09612771739130435 0.117431640625 0.018002717391304348
0 0.11181640625 0.39741847826086957 0.1064453125 0.01936141304347826
0 0.10400390625 0.6711956521739131 0.098876953125 0.022418478260869564
0 0.576171875 0.6586277173913043 0.107666015625 0.01936141304347826
0 0.576904296875 0.3726222826086957 0.11328125 0.020720108695652172
0 0.568603515625 0.10020380434782608 0.097900390625 0.018342391304347828
2 0.408203125 0.36277173913043476 0.042724609375 0.018002717391304348
2 0.4091796875 0.6382472826086957 0.04248046875 0.016644021739130436
2 0.4033203125 0.9086277173913043 0.04150390625 0.014605978260869566
2 0.835205078125 0.9018342391304348 0.048828125 0.01936141304347826
2 0.81884765625 0.609375 0.03857421875 0.016304347826086956
2 0.814453125 0.33220108695652173 0.03857421875 0.018002717391304348