1 0.107421875 0.10054347826086957 0.04296875 0.06521739130434782
1 0.1162109375 0.3736413043478261 0.05517578125 0.06419836956521739
1 0.127197265625 0.6426630434782609 0.080810546875 0.06521739130434782
1 0.557373046875 0.6430027173913043 0.069091796875 0.057744565217391304
1 0.5400390625 0.3576766304347826 0.046875 0.057744565217391304
1 0.54833984375 0.1015625 0.050537109375 0.05434782608695652
0 0.130859375 0.13858695652173914 0.11328125 0.02751358695652174
0 0.135498046875 0.4110054347826087 0.1220703125 0.02751358695652174
0 0.1318359375 0.6837635869565217 0.115234375 0.026154891304347828
0 0.5576171875 0.13994565217391305 0.10546875 0.029211956521739132
0 0.5576171875 0.3970788043478261 0.101318359375 0.02751358695652174
0 0.56591796875 0.6844429347826086 0.1083984375 0.030230978260869564
2 0.40869140625 0.34171195652173914 0.0419921875 0.017663043478260868
2 0.435791015625 0.6205842391304348 0.042724609375 0.020040760869565216
2 0.427734375 0.8960597826086957 0.0478515625 0.020040760869565216
2 0.86572265625 0.9167798913043478 0.04150390625 0.02377717391304348
2 0.84228515625 0.6161684782608695 0.0400390625 0.016644021739130436
2 0.841552734375 0.32540760869565216 0.041015625 0.016304347826086956
3 0.3515625 0.21195652173913043 0.298095703125 0.26222826086956524
3 0.35205078125 0.483695652173913 0.29931640625 0.26120923913043476
3 0.35107421875 0.7520380434782609 0.294921875 0.257133152173913
3 0.782958984375 0.20074728260869565 0.310546875 0.2496603260869565
3 0.786376953125 0.47452445652173914 0.314697265625 0.27615489130434784
3 0.78857421875 0.7710597826086957 0.311279296875 0.29177989130434784