3 0.35693359375 0.18410326086956522 0.30712890625 0.21875
3 0.35693359375 0.44802989130434784 0.305908203125 0.29177989130434784
3 0.358154296875 0.7608695652173914 0.3046875 0.3063858695652174
3 0.78857421875 0.16847826086956522 0.315673828125 0.20584239130434784
3 0.789306640625 0.38552989130434784 0.31396484375 0.20142663043478262
3 0.790771484375 0.821671195652174 0.31103515625 0.19191576086956522
1 0.1162109375 0.09341032608695653 0.057373046875 0.059103260869565216
1 0.126708984375 0.32710597826086957 0.07373046875 0.05672554347826087
1 0.119140625 0.6239809782608695 0.0537109375 0.06114130434782609
1 0.549560546875 0.5163043478260869 0.052734375 0.060122282608695655
1 0.56298828125 0.3060461956521739 0.06787109375 0.051970108695652176
1 0.557861328125 0.08967391304347826 0.051513671875 0.05604619565217391
1 0.554931640625 0.7516983695652174 0.061767578125 0.050611413043478264
0 0.140869140625 0.1328125 0.127685546875 0.024796195652173912
0 0.139404296875 0.3624320652173913 0.127685546875 0.026834239130434784
0 0.14306640625 0.6613451086956522 0.131103515625 0.022758152173913044
0 0.573486328125 0.7832880434782609 0.121337890625 0.01936141304347826
0 0.57373046875 0.5540081521739131 0.121826171875 0.018002717391304348
0 0.57421875 0.33933423913043476 0.122802734375 0.022078804347826088
0 0.568359375 0.12941576086956522 0.1142578125 0.0234375
2 0.905029296875 0.9279891304347826 0.0458984375 0.022758152173913044
2 0.911376953125 0.7180706521739131 0.043212890625 0.018682065217391304
3 0.791259765625 0.6059782608695652 0.3134765625 0.21739130434782608
2 0.832275390625 0.49014945652173914 0.044189453125 0.021739130434782608
2 0.851318359375 0.27853260869565216 0.049072265625 0.020040760869565216
2 0.428466796875 0.28940217391304346 0.04345703125 0.018342391304347828
2 0.446533203125 0.6019021739130435 0.039306640625 0.017663043478260868
2 0.45947265625 0.9259510869565217 0.041748046875 0.017663043478260868