1 0.132080078125 0.09341032608695653 0.068115234375 0.06182065217391304
1 0.130859375 0.2992527173913043 0.069091796875 0.058423913043478264
0 0.130126953125 0.34103260869565216 0.06689453125 0.019021739130434784
2 0.4296875 0.2642663043478261 0.115234375 0.04823369565217391
2 0.225341796875 0.24626358695652173 0.03857421875 0.019021739130434784
2 0.2939453125 0.24728260869565216 0.047607421875 0.02751358695652174
2 0.429931640625 0.47248641304347827 0.12109375 0.04483695652173913
2 0.4072265625 0.6375679347826086 0.123046875 0.05298913043478261
3 0.35302734375 0.1565896739130435 0.318359375 0.1688179347826087
3 0.35009765625 0.37160326086956524 0.31787109375 0.16644021739130435
3 0.3525390625 0.5591032608695652 0.311279296875 0.10971467391304347