1 0.121826171875 0.06929347826086957 0.074462890625 0.036684782608695655
1 0.1240234375 0.3468070652173913 0.07666015625 0.03974184782608696
1 0.114990234375 0.6205842391304348 0.0615234375 0.041779891304347824
1 0.55078125 0.6511548913043478 0.070556640625 0.044497282608695655
1 0.5546875 0.422554347826087 0.0576171875 0.03872282608695652
1 0.552734375 0.07472826086956522 0.06005859375 0.04076086956521739
0 0.13623046875 0.11175271739130435 0.12060546875 0.050951086956521736
0 0.133544921875 0.4232336956521739 0.12353515625 0.11413043478260869
0 0.1337890625 0.6484375 0.1201171875 0.013926630434782608
2 0.407958984375 0.3101222826086957 0.1162109375 0.043817934782608696
2 0.40234375 0.5883152173913043 0.12353515625 0.04517663043478261
2 0.4072265625 0.8614130434782609 0.101318359375 0.03226902173913043
2 0.86767578125 0.8546195652173914 0.110107421875 0.046875
2 0.8701171875 0.6256793478260869 0.1201171875 0.034307065217391304
2 0.853515625 0.37907608695652173 0.111083984375 0.04110054347826087
2 0.171142578125 0.5044157608695652 0.05029296875 0.058084239130434784
2 0.140380859375 0.16168478260869565 0.10693359375 0.049932065217391304
0 0.558349609375 0.10292119565217392 0.102783203125 0.018342391304347828
0 0.562744140625 0.453804347826087 0.10400390625 0.016644021739130436
0 0.562255859375 0.6827445652173914 0.100341796875 0.022078804347826088
3 0.34814453125 0.17798913043478262 0.306396484375 0.2347146739130435
3 0.345458984375 0.44904891304347827 0.300048828125 0.23777173913043478
3 0.34521484375 0.7265625 0.304931640625 0.2374320652173913
3 0.7861328125 0.740828804347826 0.313232421875 0.20380434782608695
3 0.785400390625 0.5098505434782609 0.311767578125 0.20686141304347827
3 0.783935546875 0.21637228260869565 0.312744140625 0.30672554347826086